-8.159 16.077
-10.301 14.981
-13.438 11.286
-4.3777 20.204
-4.7234 16.754
-7.8742 15.916
-8.1103 13.065
-7.2265 14.895
-10.166 12.429
-7.2873 15.606
-8.7421 14.623
-10.453 13.066
-7.4304 14.992
-9.0435 11.589
-9.2009 13.52
-12.771 9.2306
-9.9675 12.736
-10.246 13.852
-5.5362 18.544
-10.281 16.227
-7.3229 17.593
-6.3331 15.644
-8.759 11.556
-7.7971 17.244
-7.0237 15.725
-11.474 11.874
-8.8711 11.916
-6.3793 16.113
-5.9216 16.484
-6.2409 16.785
-10.122 12.682
-10.9 12.823
-9.0432 12.782
-11.103 13.385
-12.288 11.847
-9.2945 14.319
-12.493 10.922
-8.7417 14.09
-7.8029 16.219
-12.412 11.287
-6.4467 14.326
-9.6051 13.738
-10.11 12.347
-10.196 13.346
-7.2165 14.561
-7.2718 15.748
-8.8573 15.065
-8.7666 15.135
-8.4449 14.45
-9.5419 11.648
-9.6791 12.124
-8.6856 12.502
-6.9175 14.339
-10.058 14.493
-7.3302 15.055
-10.324 13.242
-7.5027 13.184
-7.273 16.702
-7.5886 16.08
-7.9709 14.683
-7.4655 14.828
-6.3671 15.594
-11.054 11.402
-11.334 11.73
-11.84 12.377
-9.7737 9.7018
-8.6114 13.793
-12.164 10.188
-11.212 12.693
-9.3215 13.588
-8.7888 15.05
-9.1485 15.958
-7.9844 16.188
-7.4457 13.196
-6.5586 15.367
-10.345 14.059
-9.6143 12.518
-3.9705 17.496
-8.3821 15.063
-5.7108 14.552
-7.5708 14.113
-6.8631 15.918
-7.6587 15.629
-10.148 12.437
-5.3362 15.617
-7.3583 15.358
-9.6489 12.488
-10.176 12.058
-11.838 10.796
-8.9914 15.496
-9.9618 15.703
-10.293 13
-6.1678 17.729
-10.889 11.069
-11.685 10.995
-7.4799 13.96
-6.7592 17.172
-5.8997 16.428
-7.2033 13.052
-9.8102 13.496
-10.62 12.528
-8.4174 14.191
-9.0902 13.565
-8.8371 13.66
-8.5636 15.137
-12.782 11.827
-8.9278 15.594
-10.363 11.889
-8.6158 15.497
-7.1666 14.304
-8.5599 15.633
-11.48 12.44
-11.556 12.348
-9.3467 13.236
-6.8481 15.916
-7.267 16.154
-6.8679 15.707
-8.3641 14.104
-12.992 10.801
-4.2997 16.355
-12.465 9.8366
-7.5635 17.731
-9.6038 12.469
-8.6727 12.356
-7.7562 15.853
-11.828 12.07
-7.4717 15.209
-9.2905 14.18
-9.0944 14.066
-8.2484 13.593
-4.4212 17.491
-7.826 14.485
-8.346 15.053
-9.6215 12.61
-9.3783 14.167
-4.8334 15.225
-7.451 15.383
-9.1426 12.176
-6.9703 13.672
-12.83 10.494
-8.6629 13.693
-13.374 13.075
-12.961 11.246
-6.1801 15.399
-10.225 12.702
-7.3744 14.062
-5.0411 14.652
-9.4744 12.119
-9.8642 13.243
-12.397 11.347
-7.1539 13.671
-11.929 9.9792
-9.8073 14.314
-8.7289 16.215
-8.3345 16.848
-9.2721 13.516
-10.32 13.385
-10.129 11.574
-8.5002 13.591
-9.4018 13.178
-7.7361 15.968
-9.0944 14.76
-9.4285 13.749
-9.738 13.871
-7.6842 15.543
-10.159 13.744
-11.279 11.54
-10.383 13.051
-12.049 12.346
-6.0367 15.913
-10.766 11.689
-7.8016 14.63
-8.243 13.723
-6.4605 14.359
-10.515 12.841
-10.084 15.116
-9.1833 12.3
-8.594 11.644
-10.02 11.002
-7.7156 15.02
-11.829 11.551
-10.256 12.315
-5.318 16.546
-10.412 14.937
-7.6052 13.79
-6.5565 16.495
-7.7934 13.906
-9.8066 13.143
-9.4304 11.586
-11.284 12.335
-11.069 14.215
-14.276 10.804
-9.3052 12.081
-9.0465 13.43
-9.2604 13.409
-8.8773 12.787
-2.4003 21.801
-6.0984 15.715
-7.7125 16.254
-8.3546 13.58
-8.3038 16.098
-11.271 8.7096
-7.4757 15.563
-9.4758 12.427
-7.0918 17.308
-11.135 12.331
-5.9737 18.122
-10.696 13.682
-8.5344 14.774
-9.5616 13.321
-10.618 12.291
-7.3821 16.222
-7.5472 14.716
-6.6394 15.369
-7.423 16.525
-6.7939 15.124
-7.4072 15.901
-8.7806 15.77
-12.971 11.166
-12.994 11.061
-9.1826 13.987
-11.55 12.022
-8.9671 14.702
-7.5515 15.895
-8.2107 14.737
-8.0696 13.679
-9.5442 11.667
-11.327 14.15
-6.908 15.304
-11.401 12.364
-10.402 13.4
-12.427 9.5798
-7.6829 15.211
-7.7658 14.5
-10.386 14.029
-7.1409 15.362
-10.946 10.862
-8.9563 11.54
-9.3905 12.235
-12.894 11.32
-10.058 13.944
-9.7115 13.185
-10.518 11.514
-7.2411 15.811
-6.1074 16.09
-9.1947 13.185
-6.6869 13.627
-6.9754 15.362
-12.158 13.211
-8.5144 14.821
