-8.6403 11.511
-7.6744 14.825
-6.6822 14.688
-8.9948 13.796
-9.7626 13.957
-10.646 14.782
-11.499 14.195
-10.157 16.531
-6.3727 13.555
-6.3733 12.424
-5.1219 13.651
-9.1876 15.075
-6.5722 11.621
-6.4107 11.777
-9.7377 9.6616
-7.3671 12.526
-7.9721 10.316
-8.9754 14.623
-8.5806 11.546
-11.854 14.558
-14.192 14.829
-7.0513 12.852
-10.613 11.877
-9.1887 14.084
-9.4609 17.23
-7.596 9.7625
-9.7766 12.698
-9.1921 14.083
-7.2047 9.851
-7.18 14.178
-7.6848 13.078
-8.3261 12.35
-3.107 10.776
-8.4308 15.958
-8.8801 16.929
-9.0176 12.033
-5.4724 11.116
-13.308 14.397
-8.0628 10.223
-11.704 14.083
-8.6885 14.651
-10.127 17.593
-8.9041 13.022
-9.0816 11.514
-8.5506 13.491
-8.8825 12.289
-8.4432 14.275
-8.278 13.535
-5.4173 13.25
-11.112 16.233
-11.868 17.415
-12.367 15.323
-2.8718 10.792
-6.7461 11.093
-7.3457 12.382
-9.8765 16.549
-10.803 15.01
-8.9545 11.723
-11.003 14.149
-8.3599 13.614
-10.65 16.177
-10.171 16.846
-6.6899 13.979
-9.1173 10.836
-5.5539 9.1845
-11.349 15.043
-7.6567 14.442
-9.1203 12.956
-9.6183 14.757
-8.6578 15.023
-7.3933 12.346
-10.788 13.409
-6.8505 11.183
-7.1832 9.9301
-8.8297 14.05
-5.2407 11.05
-6.0441 10.433
-8.9932 14.132
-12.45 15.618
-10.93 15.616
-7.5078 12.954
-7.8592 12.444
-5.8028 12.986
-8.6122 14.842
-9.2224 13.144
-11.049 15.493
-7.4881 13.325
-8.6475 11.743
-10.576 14.286
-11.193 14.256
-7.3375 12.647
-6.7525 10.485
-11.494 14.365
-10.504 15.633
-10.138 15.633
-10.011 17.226
-9.1869 10.538
-12.259 16.348
-9.6721 13.955
-9.0723 12.549
-4.8875 10.216
-6.5494 11.84
-8.6224 15.096
-3.8795 13.535
-11.865 14.791
-9.6375 12.224
-13.666 17.507
-5.8852 15.254
-7.8357 12.857
-9.8501 13.687
-10.774 16.38
-9.0539 13.314
-11.082 15.683
-8.119 12.678
-7.2263 16.838
-4.91 13.753
-11.642 17.161
-8.7686 14.596
-12.384 16.544
-7.2162 13.975
-11.874 15.947
-5.2747 13.819
-9.5776 15.992
-8.9485 15.564
-9.8963 16.833
-8.7352 13.681
-9.956 14.392
-7.8187 12.456
-8.3045 14.605
-10.286 18.709
-8.2396 15.452
-6.3519 14.29
-12.464 14.98
-7.6448 15.693
-11.248 17.558
-7.2709 11.048
-9.1675 14.78
-11.141 13.52
-7.373 15.201
-7.9423 12.326
-8.9932 15.282
-9.0135 12.303
-11.919 17.251
-8.3499 14.067
-11.548 16.775
-8.822 11.746
-8.7345 13.446
-7.4686 14.902
-10.819 16.543
-6.1805 11.915
-11.418 15.179
-14.195 15.697
-7.3255 13.127
-8.9027 14.137
-9.282 17.123
-9.7753 15.528
-9.7632 14.588
-6.6132 13.374
-11.116 15.546
-8.8501 12.809
-8.085 13.832
-7.0253 10.821
-7.9705 12.473
-10.263 14.021
-10.27 13.601
-11.053 14.219
-10.142 12.592
-10.901 12.991
-5.4119 11.57
-5.5846 12.279
-8.3837 14.247
-9.5232 15.926
-8.7996 15.255
-10.356 16.04
-7.7914 14.729
-10.954 15.536
-9.2766 14.178
-5.7892 12.645
-8.6361 13.726
-9.2939 11.734
-9.6841 15.618
-10.793 14.963
-8.063 8.7944
-9.1169 13.885
-10.57 13.793
-5.9185 8.1955
-11.256 15.381
-8.9165 11.794
-7.283 15.892
-9.8898 14.164
-6.8375 12.917
-10.201 12.957
-6.0047 14.056
-10.428 14.848
-9.5943 15.027
-6.727 11.766
-10.58 19.432
-7.4014 17.267
-7.1586 9.8476
-12.467 15.761
-6.4634 9.384
-9.8159 16.353
-9.9145 15.8
-12.192 18.5
-6.2568 11.803
-9.1391 14.165
-10.954 15.582
-10.065 11.524
-8.1811 12.551
-11.404 17.714
-9.6735 16.716
-10.72 15.955
-11.89 16.064
-5.4916 12.074
-10.087 12.141
-9.0501 14.53
-12.136 18.18
-8.1958 14.123
-10.594 13.283
-10.362 12.032
-6.723 11.587
-6.1451 11.272
-5.8475 11.007
-11.69 14.985
-8.5267 10.264
-7.5299 12.322
-7.4013 10.614
-7.2207 12.362
-11.46 14.303
-12.063 17.104
-10.155 13.033
-7.4557 13.269
-6.5322 12.494
-5.2491 12.056
-8.6267 11.193
-7.6571 14.077
-8.9867 16.156
-7.9821 14.439
-10.136 13.487
-11.767 16.031
-5.6419 12.011
-7.4988 10.879
-8.0626 14.242
-8.8349 15.406
-6.6322 12.591
-11.096 17.473
-11.451 15.426
-8.4319 12.037
-5.8961 11.922
-9.7533 17.447
