-10.505 15.109
-8.9094 14.418
-7.9505 16.063
-10.389 14.312
-6.3419 17.536
-9.3695 15.456
-10.343 14.332
-7.0612 16.531
-7.9469 18.85
-11.358 14.596
-10.008 15.388
-11.944 14.562
-8.3533 16.548
-11.88 13.234
-8.8014 17.882
-12.792 13.149
-7.9022 15.324
-13.24 12.264
-10.044 15.036
-14.857 13.217
-6.3263 17.95
-7.6511 16.051
-12.186 14.94
-9.1827 15.865
-7.9624 14.864
-12.084 15.571
-10.204 15.733
-8.4018 18.181
-10.977 14.534
-6.7573 15.274
-9.8193 15.481
-9.309 17.249
-9.3225 14.79
-8.4591 17.064
-11.716 14.489
-7.2542 15.793
-11.946 14.625
-9.0172 15.628
-9.3065 16.281
-11.694 14.636
-11.828 13.509
-8.7599 15.709
-11.115 13.926
-8.9385 17.552
-9.2828 16.173
-9.8404 14.158
-10.125 16.025
-10.664 14.429
-8.0784 14.151
-8.0059 16.546
-6.073 19.092
-8.4228 14.145
-8.2631 16.282
-8.5241 15.02
-13.256 13.804
-11.425 13.505
-9.2768 14.995
-10.275 13.1
-12.476 15.541
-6.0934 15.75
-7.3453 16.392
-5.8316 17.946
-8.4686 17.757
-10.423 13.9
-13.014 14.073
-11.736 13.048
-9.3299 14.868
-7.5955 16.286
-9.4177 14.715
-10.481 15.526
-11.332 14.8
-11.601 13.694
-13.815 11.691
-8.9667 16.132
-7.7753 17.736
-13.189 13.114
-6.8634 16.293
-10.218 16.995
-12.774 11.949
-11 14.565
-9.0226 14.942
-11.959 16.076
-10.444 15.311
-12.022 14.046
-6.2411 18.106
-13.574 9.4927
-7.8131 16.001
-10.6 12.889
-12.006 15.087
-9.7727 13.342
-11.364 14.493
-9.8497 15.488
-10.261 15.355
-10.594 13.442
-7.779 17.01
-7.6428 15.939
-10.449 13.467
-11.196 12.746
-6.1793 15.274
-6.0835 16.451
-3.0949 19.113
-13.525 13.248
-9.2776 14.876
-12.192 13.132
-7.397 17.582
-12.679 12.16
-6.5408 17.824
-7.3113 15.48
-9.7933 15.961
-13.021 11.585
-10.441 14.567
-9.3327 13.16
-7.1232 17.143
-7.7372 14.622
-10.713 13.667
-9.1112 15.53
-9.4148 15.027
-8.5846 15.033
-11.77 13.798
-9.1762 15.19
-9.123 17.522
-12.456 14.539
-8.2965 14.796
-12.223 11.991
-11.858 14.091
-10.815 12.249
-11.424 13.831
-12.401 17.729
-6.6914 17.94
-7.9739 15.566
-12.463 16.673
-11.643 13.537
-8.4458 15.013
-11.324 16.862
-12.433 13.237
-6.2357 17.285
-11.235 14.335
-10.783 13.134
-12.551 14.392
-13.295 14.035
-10.669 16.285
-7.0337 16.27
-12.885 13.69
-9.7658 13.898
-9.4553 15.611
-13.536 11.995
-12.802 13.812
-10.092 14.614
-10.146 15.521
-11.175 16.321
-8.0045 14.393
-11.124 15.246
-10.193 15.976
-12.578 14.737
-8.8938 14.387
-9.7718 14.595
-13.123 11.353
-6.8886 15.092
-8.0733 13.91
-10.056 14.635
-11.029 14.474
-10.996 11.704
-7.8769 15.028
-13.138 13.048
-11.408 13.423
-10.337 14.33
-8.0749 14.383
-6.4222 17.406
-8.7813 17.262
-4.9797 18.375
-7.2575 16.07
-10.842 16.792
-9.7064 14.712
-12.909 13.558
-11.127 15.401
-9.828 14.309
-11.332 12.698
-7.7708 16.133
-9.5115 12.867
-9.2716 16.919
-6.24 18.547
-11.435 11.657
-9.8808 15.44
-14.37 9.8864
-12.307 13.765
-8.5254 15.775
-6.1695 18.956
-12.167 12.957
-8.1112 16.296
-8.5549 18.559
-9.6262 14.045
-10.144 15.148
-8.504 15.409
-13.19 12.947
-5.3613 17.639
-12.834 14.431
-12.067 13.554
-10.666 15.872
-8.2211 15.305
-9.2685 17.072
-10.011 14.769
-7.2349 17.667
-11.849 15.535
-7.4254 16.519
-14.689 12.732
-9.9373 13.696
-10.123 16.908
-6.9257 16.614
-13.872 11.389
-10.518 12.997
-8.3956 16.39
-13.3 14.238
-9.9176 16.927
-7.863 17.811
-11.735 14.142
-12.875 14.601
-11.104 15.197
-7.1491 17.796
-7.7045 17.102
-10.366 16.094
-9.4026 16.647
-8.3055 18.473
-8.8893 13.746
-10.431 15.467
-8.5765 14.651
-11.002 13.46
-10.451 13.017
-9.8505 13.511
-11.526 14.513
-12.768 13.637
-12.166 12.426
-10.263 13.535
-9.0085 14.671
-10.668 15.001
-9.9538 14.594
-6.851 14.636
-8.5403 13.827
-6.8409 14.544
-11.056 11.77
-6.741 14.246
-8.6824 14.453
-8.9344 15.19
-8.6556 16.383
-10.271 13.994
-9.0218 16.014
-13.789 13.661
-10.156 16.328
-8.3278 14.368
-12.432 14.156
-11.895 14.53
