0.22315 -0.021698
-0.62173 2.9335
-0.98655 -1.0069
-2.3567 4.3154
-0.31071 2.5497
0.10624 -0.33106
2.2029 -0.47774
0.49114 0.8812
0.10516 3.5823
0.42079 -2.7474
1.161 -0.055806
-0.27877 -4.3097
-0.71638 -4.2527
1.1424 -1.882
0.041898 -1.1209
1.021 4.8981
-0.95578 -1.777
0.45437 0.086448
0.42668 -4.4102
-0.11993 6.3434
-1.6778 -3.1678
0.51912 -2.3487
0.88348 -1.1565
-0.093959 2.7251
-3.2222 -2.2883
0.1997 -2.6668
1.2387 -0.66614
-0.34498 0.27714
1.3685 1.0584
-1.0434 -5.261
0.10449 -2.339
-0.14871 1.4828
0.18997 0.42396
-0.41921 0.076718
-0.037492 -0.19124
-0.6629 1.6016
0.20025 2.0618
1.4308 3.8288
-0.44253 0.99219
-0.22128 1.5774
-0.18853 -0.72382
-0.33941 0.51051
-0.52648 -0.00018873
-0.63686 -0.86368
0.63185 3.5343
-0.57822 -1.5134
-0.18838 3.1796
0.68021 1.6781
-0.056258 1.9253
-1.2224 1.8739
0.42099 1.5395
-1.2089 -3.9072
-0.1038 -3.9507
-0.75212 -1.0625
-0.12979 -1.0536
-1.5877 2.1086
0.077604 -1.706
-0.49871 -3.0525
-0.72283 4.6592
0.13657 -0.72504
0.42731 -0.72466
-0.47864 -5.8045
-0.024291 -4.573
-0.84423 1.0274
-1.3434 -0.86475
-2.5741 2.8385
-0.82556 -4.6141
-1.2696 -2.2383
1.7668 3.1567
-1.1951 -1.8451
1.7704 3.5045
-0.67262 1.2119
-2.3846 -3.1061
-0.86324 2.7586
-1.1303 0.79233
0.49816 0.30454
-0.44863 1.5637
-0.013367 1.6115
1.3963 -0.299
0.89071 -1.2919
-0.12797 0.87157
-0.70847 2.4245
-1.0237 -4.2832
0.29959 -3.5126
-0.42919 0.30342
1.6294 1.9943
1.7388 -0.41368
0.82282 -4.1471
-0.15153 -2.0611
0.022949 1.7218
-0.76234 -1.2022
-1.7499 0.60209
-1.4046 -2.2376
1.3074 -1.1253
-0.076264 0.34083
-0.47039 -2.5812
0.085021 1.7025
-0.64126 2.3017
-0.012237 -0.42243
0.33158 -0.93922
-2.1141 -0.28878
2.307 -1.8719
1.314 -1.7877
0.98013 4.8874
0.51744 2.7974
0.13117 1.2631
0.32418 -0.52262
-0.96234 -6.0354
0.25561 -4.043
0.41627 2.1506
1.3932 -1.9492
-0.33053 -3.5992
-0.44307 -0.31173
0.43263 0.3161
1.8889 -1.9496
-0.5492 -2.2893
0.7047 0.014287
1.2741 -0.27017
-0.14521 0.91551
2.2068 -2.8182
-0.014217 1.6098
-0.35184 -0.015974
-1.3701 0.40605
0.43835 0.38775
-0.80143 -1.1173
-1.6082 4.7362
-0.13241 1.9349
-2.6984 0.36513
1.7972 -0.083053
0.25198 -3.6117
1.089 1.6872
1.0483 2.1295
0.22622 -2.3991
-0.36761 -4.1834
-0.35819 -0.62412
-0.93261 -2.6373
-0.18492 -0.71988
-0.15809 -3.095
0.089051 -5.3929
-0.26239 0.36068
0.15413 2.8322
-1.7618 -1.9491
-1.3092 0.35442
-1.0809 -1.3443
1.7699 -0.71449
0.82572 -1.1275
-0.48544 0.49462
0.86344 1.0804
-0.85899 2.5816
0.64335 -1.4707
-1.0688 -1.763
2.5864 1.4111
-0.66892 2.1217
0.069345 2.6481
0.57491 4.4745
-1.4154 1.2823
0.11859 2.0367
0.22495 -3.649
-1.0413 -3.7412
-1.269 -7.1646
-0.091422 0.42108
0.84179 1.306
0.80093 4.6452
0.081105 -0.11089
1.5116 0.047799
0.0078285 0.51626
-1.0371 1.4634
-0.3744 -1.6378
1.5166 2.6869
1.1779 1.8432
1.1028 0.052737
-1.9946 -0.1258
-1.0119 -1.1181
0.80568 0.020487
-0.36978 1.8616
0.31463 -3.2523
-0.81485 -2.7682
0.48443 -1.2938
-0.50584 -1.3825
1.3906 -1.3461
-2.0897 -1.4678
0.97531 -0.14859
-1.3513 -4.718
-0.7052 -3.005
-0.2171 -3.313
-0.3401 -2.3736
0.20131 0.97783
-1.109 1.5674
-0.27301 0.86799
0.74901 -0.20525
-0.83224 0.58099
-0.39395 0.18343
0.73176 -0.66318
0.55777 1.7736
0.1201 -1.9374
-1.1444 -0.29195
0.97497 -4.7467
0.033976 2.2014
-0.5906 1.6368
-0.25008 -0.7477
1.2131 4.0758
0.42223 -2.434
1.6275 0.20453
0.39749 -0.53374
-0.18406 -1.3525
1.0609 0.042249
-0.39253 0.59428
0.07511 3.7464
-2.2717 2.3484
0.090144 -3.7612
0.44227 -5.9961
-1.5696 -1.1773
0.47405 2.6232
-1.4261 -4.7874
-0.48627 -2.5965
-0.3128 2.4338
-0.69676 -3.1062
-0.34718 3.0826
0.13262 0.79018
-0.61449 -0.40525
2.9019 1.471
-1.8452 4.8802
-0.23696 -2.5245
0.71627 4.3689
0.79155 3.118
1.8308 -1.3885
-0.31319 -3.5569
-0.7524 -1.4824
0.19906 1.4267
2.1823 -3.9365
0.70893 3.8506
0.083524 -0.58131
-1.1168 -1.4219
-1.6055 -1.1634
-1.0865 -0.7085
-1.3721 0.72252
2.0183 4.7089
2.0783 -0.12474
0.81787 1.6958
1.9071 -2.4141
0.97051 -0.83448
0.45285 1.1166
-0.52085 1.7801
-0.83973 3.9532
0.14274 -3.8404
-0.60012 -4.3389
-1.8782 -1.5878
-0.63581 0.48564
-0.098618 -0.99451
-1.1169 0.87141
