9.4702 11.239
11.116 10.653
12.548 11.56
12.088 10.969
11.575 9.7832
9.4128 11.359
8.0145 11.749
9.1385 10.512
8.0298 12.691
9.1376 9.194
11.352 9.5198
9.3744 13.243
11.324 9.7895
11.17 9.892
10.366 10.955
11.3 11.056
9.0518 11.138
13.433 9.9626
9.5826 10.962
11.521 10.463
10.005 12.345
9.8346 11.04
10.771 11.02
13.208 8.7303
10.63 11.871
9.2159 11.645
6.2713 10.788
12.131 10.999
10.109 10.234
10.03 10.245
9.5811 11.316
9.2512 8.0471
15.035 9.9639
8.4551 11.565
18.101 9.4628
10.686 8.5368
10.226 11.724
8.5648 13.12
6.686 10.153
11.209 9.5514
10.389 10.705
14.33 9.9241
12.533 10.726
9.5384 9.8112
11.524 10.062
13.526 9.4947
8.0287 11.3
8.8004 10.261
16.485 8.3446
11.033 10.779
10.643 10.75
11.16 10.337
10.077 10.962
10.667 10.377
9.9797 10.905
14.584 8.8526
10.661 10.375
12.78 10.342
7.4643 12.092
8.1708 11.979
6.3576 9.7935
10.426 11.203
10.606 10.683
9.6508 11.698
9.6235 10.969
17.027 6.0945
9.2655 11.144
7.6547 11.986
9.1723 11.338
13.135 8.9712
10.213 9.1741
14.727 9.4247
9.3355 9.9739
7.3589 11.521
10.678 10.09
6.8899 12.03
11.651 10.07
4.5726 13.428
10.318 11.374
9.6151 9.5185
7.2457 14.216
9.7738 11.543
12.139 9.228
14.073 8.7817
12.795 10.834
11.593 9.1033
12.64 9.4354
12.005 10.98
8.1759 9.6681
11.478 13.247
5.862 13.721
11.188 10.822
12.784 10.677
4.6703 11.819
12.899 11.239
9.334 10.243
9.9218 9.3428
10.318 10.479
8.2961 12.852
12.824 8.0341
8.1865 12.633
13.275 11.441
11.437 10.967
10.219 9.3551
8.4508 12.745
8.0076 9.2485
13.08 11.39
8.9552 10.539
7.9658 11.363
12.739 9.0548
12.428 8.8233
13.328 9.5545
11.845 7.7344
7.0668 10.331
9.5879 9.1457
11.343 9.0918
9.4151 8.8016
14.325 8.091
11.111 11.408
7.5574 11.2
10.161 11.18
9.8158 10.482
12.511 9.1866
13.734 11.363
10.044 11.104
6.5018 12.175
12.957 9.3779
9.858 10.19
12.512 11.154
9.7322 10.625
8.9725 10.043
9.6571 8.8332
11.843 8.895
12.309 10.322
11.674 9.2898
8.4502 12.115
12.738 11.191
13.236 8.6127
6.3314 10.818
7.5275 11.768
10.508 11.754
15.092 8.3024
6.9957 11.126
12.863 9.4174
8.8662 9.8868
6.0126 14.536
7.5785 12.188
13.261 10
9.7388 10.376
11.329 9.2771
8.4359 8.8478
7.823 10.954
10.231 10.09
12.262 9.1575
12.711 8.6211
11.844 8.7401
8.3469 12.856
10.226 10.171
8.7527 11.576
6.4466 9.1628
10.848 11.113
10.857 8.9014
6.2571 9.8073
14.967 9.839
11.738 9.7995
8.4173 10.072
10.618 9.9683
10.648 10.145
8.661 9.221
10.579 9.5112
12.254 9.1
10.501 11.496
12.081 10.374
11.701 9.1656
7.543 10.194
10.637 8.971
13.731 10.716
10.483 9.3066
10.37 8.7395
7.7819 11.731
9.782 10.96
10.302 9.2973
10.4 10.042
12.458 9.7379
5.2752 14.215
15.793 10.153
10.25 11.765
7.4539 10.519
11.815 10.027
11.728 10.209
13.858 8.883
14.289 8.5469
10.987 10.368
13.304 8.5958
9.3047 11.779
10.049 10.802
10.723 10.989
8.0928 11.346
11.017 9.1623
10.384 10.468
10.168 11.4
12.247 9.2325
9.4464 9.4989
10.281 11.313
8.9622 9.3327
12.333 8.8897
12.3 10.417
14.666 6.7844
10.962 10.279
10.269 10.337
12.044 10.579
12.228 9.2401
6.0564 11.857
2.9519 12.989
9.4772 11.208
10.858 11.109
7.9768 9.5387
8.4191 9.5159
8.4983 11.532
11.115 11.131
8.3085 12.228
8.1751 12.386
11.411 10.305
7.4708 11.942
9.5802 13.055
13.109 8.4783
10.154 8.9313
13.551 7.7937
12.041 10.769
12.603 10.006
5.6077 12.12
10.999 10.005
7.3391 12.924
6.8125 11.689
10.328 9.5264
8.3311 11.836
10.193 9.5444
10.686 8.4265
8.1097 12.459
8.8773 9.2532
15.488 8.502
9.6259 12.229
9.5993 11.088
6.4725 12.077
9.7727 11.742
8.1361 11.149
11.658 10.097
10.37 10.75
11.027 10.138
11.526 9.9795
